
 Rotation of: 1.047198 

0.577350269189626	0.577350269189626	0.577350269189626

[0.666667,-0.333333,0.666667;0.666667,0.666667,-0.333333;-0.333333,0.666667,0.666667;]

 Rotation of: -1.047198 

0	1	0

[0.500000,0.000000,-0.866025;0.000000,1.000000,0.000000;0.866025,0.000000,0.500000;]

 Rotation of angle: 1.047198On vector: 
0.577350269189626	0.577350269189626	0.577350269189626
Matrix: [0.666667,-0.333333,0.666667;0.666667,0.666667,-0.333333;-0.333333,0.666667,0.666667;]

 Rotation of angle: 1.047198On vector: 
0.577350269189626	0.577350269189626	0.577350269189626
Matrix: [0.666667,-0.333333,0.666667;0.666667,0.666667,-0.333333;-0.333333,0.666667,0.666667;]

 Rotation of angle: 1.047198On vector: 
0.577350269189626	0.577350269189626	0.577350269189626
Matrix: [0.666667,-0.333333,0.666667;0.666667,0.666667,-0.333333;-0.333333,0.666667,0.666667;]

 Rotation of angle: -1.047198On vector: 
0	1	0
Matrix: [0.500000,0.000000,-0.866025;0.000000,1.000000,0.000000;0.866025,0.000000,0.500000;]

 Rotation of angle: -1.047198On vector: 
0	1	0
Matrix: [0.500000,0.000000,-0.866025;0.000000,1.000000,0.000000;0.866025,0.000000,0.500000;]

 Rotation of angle: 1.047198On vector: 
0.577350269189626	0.577350269189626	0.577350269189626
Matrix: [0.666667,-0.333333,0.666667;0.666667,0.666667,-0.333333;-0.333333,0.666667,0.666667;]
